12454.942661382878
12460.505500375664
12466.068339368452
12471.631178361238
12477.194017354026
12482.756856346812
12488.319695339598
12493.882534332386
12499.445373325172
12505.008212317958
12510.571051310746
12516.133890303532
12521.696729296318
12527.259568289106
12532.822407281892
12538.38524627468
12543.948085267466
12549.510924260252
12555.07376325304
12560.636602245826
12566.199441238612
12571.7622802314
12577.325119224186
12582.887958216972
12588.45079720976
12594.013636202546
12599.576475195334
12605.13931418812
12610.702153180906
12616.264992173694
12621.82783116648
12627.390670159266
12632.953509152054
12638.51634814484
12644.079187137628
12649.642026130414
12655.2048651232
12660.767704115988
12666.330543108774
12671.89338210156
12677.456221094348
12683.019060087134
12688.58189907992
12694.144738072708
12699.707577065494
12705.270416058282
12710.833255051068
12716.396094043854
12721.958933036642
12727.521772029428
